45.299999 -10.000000
44.799999 -10.000000
5.300000 -13.000000
44.200001 -10.100000
44.000000 -10.100000
5.100000 -13.100000
43.500000 -10.100000
42.799999 -10.100000
5.000000 -12.600000
42.000000 -9.800000
41.200001 -10.100000
4.800000 -12.800000
41.000000 -9.800000
40.200001 -10.100000
4.500000 -13.300000
4.600000 -13.300000
40.000000 -9.900000
39.500000 -9.900000
4.200000 -13.300000
38.700001 -9.900000
38.799999 -9.900000
4.000000 -13.400000
37.700001 -10.000000
37.799999 -10.000000
3.700000 -13.400000
3.800000 -13.400000
37.299999 -10.000000
3.500000 -13.500000
36.000000 -10.100000
3.200000 -13.600000
3.300000 -13.600000
35.700001 -10.300000
3.000000 -13.600000
35.200001 -10.100000
2.800000 -13.800000
35.000000 -10.300000
2.500000 -13.600000
2.300000 -13.800000
34.500000 -9.900000
1.700000 -13.900000
1.800000 -13.900000
1.900000 -13.900000
2.000000 -13.900000
34.200001 -10.100000
1.500000 -13.800000
34.000000 -10.000000
1.300000 -14.000000
1.400000 -14.000000
33.799999 -10.300000
0.900000 -14.100000
1.000000 -14.100000
33.500000 -10.100000
0.700000 -14.000000
33.200001 -10.400000
0.500000 -14.300000
0.600000 -14.300000
33.000000 -10.300000
0.200000 -14.300000
32.700001 -10.300000
32.799999 -10.300000
0.000000 0.000000
0.000000 0.000000
0.000000 0.000000
0.000000 0.000000
0.000000 0.000000
0.000000 0.000000
0.000000 0.000000
0.000000 0.000000
0.000000 0.000000
0.000000 0.000000
0.000000 0.000000
0.000000 0.000000
0.000000 0.000000
0.000000 0.000000
0.000000 0.000000
0.000000 0.000000
0.000000 0.000000
0.000000 0.000000
0.000000 0.000000
0.000000 0.000000
32.299999 -10.300000
0.000000 0.000000
0.000000 0.000000
0.000000 0.000000
0.000000 0.000000
0.000000 0.000000
0.000000 0.000000
0.000000 0.000000
0.000000 0.000000
0.000000 0.000000
0.000000 0.000000
0.000000 0.000000
0.000000 0.000000
0.000000 0.000000
0.000000 0.000000
0.000000 0.000000
0.000000 0.000000
0.000000 0.000000
0.000000 0.000000
0.000000 0.000000
0.000000 0.000000
0.000000 -14.300000
31.900000 -10.100000
-0.200000 -14.400000
-0.100000 -14.400000
31.500000 -10.000000
-0.400000 -14.400000
31.299999 -10.300000
-0.600000 -14.500000
31.200001 -10.100000
-0.800000 -14.400000
-1.000000 -14.600000
30.900000 -10.300000
31.000000 -10.300000
-1.300000 -4.300000
-1.200000 -4.300000
-1.100000 -4.300000
30.299999 -10.100000
-1.700000 -14.800000
-1.600000 -14.800000
-1.500000 -14.800000
30.200001 -10.300000
-1.900000 -14.800000
30.000000 -10.100000
-2.300000 -14.800000
-2.200000 -14.800000
29.900000 -10.300000
-2.500000 -14.900000
29.700001 -10.300000
-2.700000 -3.600000
29.400000 -10.100000
-2.800000 -3.500000
29.200001 -10.300000
29.299999 -10.300000
-3.000000 -3.400000
29.000000 -10.300000
-3.300000 -3.100000
-3.200000 -3.100000
28.799999 -10.100000
-3.500000 -3.100000
28.700001 -10.300000
-3.700000 -3.100000
28.400000 -10.300000
-4.000000 -3.100000
-3.900000 -3.100000
28.000000 -10.300000
27.700001 -10.300000
27.799999 -10.300000
-4.200000 -3.100000
27.400000 -10.300000
27.500000 -10.300000
27.299999 -10.100000
-4.500000 -3.100000
-4.400000 -3.100000
27.200001 -10.300000
-4.700000 -3.100000
27.000000 -10.300000
26.799999 -10.100000
-5.000000 -3.100000
-4.900000 -3.100000
26.700001 -10.300000
26.500000 -10.300000
-5.200000 -15.300000
26.400000 -10.100000
26.200001 -10.300000
-5.400000 -15.400000
26.000000 -10.000000
-5.500000 -15.300000
25.900000 -10.100000
-5.700000 -15.500000
25.700001 -10.300000
25.500000 -10.100000
-5.900000 -15.300000
25.400000 -10.300000
-6.000000 -15.500000
25.200001 -10.300000
-6.200000 -15.600000
25.000000 -10.100000
-6.500000 -15.600000
-6.400000 -15.600000
24.900000 -10.300000
24.799999 -10.100000
24.700001 -3.100000
-7.000000 -15.800000
-6.900000 -15.800000
24.299999 -3.100000
24.400000 -3.100000
24.000000 -10.100000
-7.200000 -15.800000
23.900000 -3.100000
23.799999 -3.000000
-7.400000 -15.800000
23.700001 -3.100000
-7.500000 -15.600000
23.500000 -3.200000
23.299999 -3.100000
23.400000 -3.100000
-7.700000 -15.600000
23.200001 -10.300000
-8.000000 -15.800000
-7.900000 -15.800000
23.000000 -3.100000
22.900000 -3.200000
-8.200000 -15.800000
22.799999 -3.400000
-8.300000 -15.900000
22.700001 -3.200000
22.500000 -10.300000
-8.500000 -15.900000
22.400000 -3.100000
-8.800000 -15.800000
-8.700000 -15.800000
22.299999 -3.200000
22.200001 -3.400000
-9.000000 -16.000000
22.000000 -3.100000
-9.300000 -16.000000
-9.200000 -16.000000
21.900000 -3.200000
21.799999 -4.700000
-9.500000 -15.900000
21.700001 -3.200000
21.299999 -3.200000
21.400000 -3.200000
21.500000 -3.200000
-9.700000 -15.900000
21.200001 -3.400000
21.000000 -3.400000
20.799999 -3.600000
20.900000 -3.600000
20.700001 -10.300000
20.400000 -10.400000
20.500000 -10.400000
20.200001 -10.300000
20.299999 -10.300000
20.000000 -10.300000
19.799999 -10.400000
19.900000 -10.400000
19.700001 -10.500000
19.500000 -10.300000
19.400000 -10.400000
19.299999 -10.300000
19.200001 -10.400000
18.900000 -10.500000
19.000000 -10.500000
18.700001 -10.400000
18.799999 -10.400000
18.500000 -10.400000
18.299999 -10.600000
18.400000 -10.600000
18.200001 -10.400000
17.799999 -10.600000
17.900000 -10.600000
18.000000 -10.600000
17.700001 -10.500000
17.400000 -10.600000
17.500000 -10.600000
17.200001 -10.900000
16.900000 -10.600000
17.000000 -10.600000
16.799999 -10.800000
16.700001 -10.500000
16.500000 -10.800000
16.200001 -10.600000
16.299999 -10.600000
16.400000 -10.600000
16.000000 -10.800000
15.800000 -10.800000
15.700000 -10.500000
15.500000 -10.800000
15.200000 -10.900000
15.300000 -10.900000
15.000000 -10.800000
14.800000 -10.800000
14.700000 -10.900000
14.500000 -11.000000
14.300000 -10.800000
14.200000 -11.000000
14.000000 -10.900000
13.700000 -10.900000
13.800000 -10.900000
13.500000 -11.100000
13.300000 -11.100000
13.200000 -11.000000
12.700000 -11.300000
12.800000 -11.300000
12.500000 -11.100000
12.200000 -11.300000
12.300000 -11.300000
12.000000 -11.300000
11.700000 -11.300000
11.800000 -11.300000
11.500000 -11.400000
11.200000 -11.400000
11.300000 -11.400000
11.000000 -11.300000
10.700000 -11.400000
10.800000 -11.400000
10.500000 -11.400000
10.300000 -11.500000
10.200000 -11.400000
10.000000 -11.600000
9.800000 -11.500000
9.700000 -11.800000
9.500000 -11.800000
9.300000 -11.600000
9.200000 -11.800000
9.000000 -11.800000
8.800000 -11.800000
8.700000 -11.900000
8.500000 -11.900000
8.200000 -12.000000
8.300000 -12.000000
8.000000 -12.000000
7.800000 -12.100000
7.500000 -12.100000
7.600000 -12.100000
7.300000 -12.300000
7.000000 -12.300000
7.100000 -12.300000
6.800000 -12.300000
6.500000 -12.300000
6.600000 -12.300000
6.300000 -12.100000
6.000000 -12.400000
6.100000 -12.400000
5.800000 -12.500000
